
e =

   9.2113e-05


Flow =

  123.0000   52.0000    0.0000
  123.0000  209.0000    0.0000
  359.0000  116.0000    0.0051
  123.0000   48.0000    0.0000
  118.0000  116.0000    0.0000
  118.0000  314.0000    0.0050
   99.0000  372.0000    0.0001
   99.0000   48.0000    0.0000
  174.0000  346.0000    0.0001
  174.0000   48.0000    0.0000
  333.0000   48.0000    0.0000
  260.0000  208.0000    0.0050
  333.0000  235.0000    0.0001
  334.0000  208.0000    0.0000
  334.0000  230.0000    0.0049
  350.0000  230.0000    0.0001
  350.0000  180.0000    0.0049
  386.0000  180.0000    0.0001
  386.0000  311.0000    0.0049
  396.0000  156.0000    0.0001
  396.0000  235.0000    0.0000
  368.0000  311.0000    0.0002
  368.0000  314.0000    0.0000
  368.0000  212.0000    0.0047
  226.0000  212.0000    0.0003
  226.0000  353.0000    0.0047
  396.0000  299.0000    0.0000
  297.0000  353.0000    0.0004
  297.0000  285.0000    0.0046
  294.0000  299.0000    0.0001
  294.0000  292.0000    0.0000
  244.0000  292.0000    0.0001
  313.0000   16.0000    0.0049
   32.0000  243.0000    0.0002
  244.0000  243.0000    0.0000
  361.0000    8.0000    0.0002
  244.0000    8.0000    0.0000
   12.0000   16.0000    0.0000
   12.0000  128.0000    0.0049
  244.0000   60.0000    0.0000
   22.0000   60.0000    0.0002
   10.0000  128.0000    0.0000
   10.0000  285.0000    0.0005
   10.0000   34.0000    0.0044
  251.0000   34.0000    0.0005
  303.0000  253.0000    0.0002
  261.0000  253.0000    0.0000
  261.0000  145.0000    0.0002
  175.0000  145.0000    0.0000
  175.0000  358.0000    0.0002
   22.0000  358.0000    0.0000
   40.0000  358.0000    0.0001
   40.0000  373.0000    0.0001
   34.0000  373.0000    0.0001
   34.0000  246.0000    0.0001
  152.0000  246.0000    0.0001
  122.0000  172.0000    0.0048
  122.0000  271.0000    0.0000
   13.0000  271.0000    0.0048
  152.0000  396.0000    0.0001
  281.0000  396.0000    0.0002
  281.0000  278.0000    0.0000
  343.0000  278.0000    0.0003
  343.0000  344.0000    0.0000
   92.0000  344.0000    0.0003
   13.0000   84.0000    0.0001
  251.0000   84.0000    0.0044
  341.0000   84.0000    0.0004
   92.0000  305.0000    0.0000
   39.0000   32.0000    0.0048
   39.0000  400.0000    0.0000
  341.0000  400.0000    0.0044
   57.0000  400.0000    0.0003
   57.0000  107.0000    0.0045
  168.0000  107.0000    0.0003
  301.0000  200.0000    0.0003
  301.0000  305.0000    0.0000
  170.0000  305.0000    0.0003
  170.0000  323.0000    0.0001
  168.0000  293.0000    0.0046
  154.0000  293.0000    0.0002
  325.0000  323.0000    0.0002
  325.0000  384.0000    0.0001
  348.0000  284.0000    0.0048
  348.0000  127.0000    0.0000
  206.0000  127.0000    0.0047
  206.0000  279.0000    0.0000
  154.0000  279.0000    0.0046
  167.0000  279.0000    0.0002
  167.0000  203.0000    0.0046
    9.0000  203.0000    0.0001
   24.0000  233.0000    0.0047
  304.0000  356.0000    0.0003
  304.0000  384.0000    0.0000
   91.0000  342.0000    0.0004
   91.0000  397.0000    0.0000
  146.0000  397.0000    0.0004
  146.0000  384.0000    0.0000
  119.0000  384.0000    0.0002
  119.0000  120.0000    0.0002
  190.0000  120.0000    0.0001
  190.0000    9.0000    0.0003
   24.0000   70.0000    0.0000
  245.0000   70.0000    0.0047
  319.0000  363.0000    0.0004
  319.0000  272.0000    0.0000
  245.0000   51.0000    0.0000
   95.0000   51.0000    0.0046
  112.0000  272.0000    0.0004
  112.0000    9.0000    0.0000
  127.0000    9.0000    0.0000
  127.0000  282.0000    0.0003
  127.0000  225.0000    0.0001
  241.0000  225.0000    0.0003
  241.0000   40.0000    0.0001
   95.0000  331.0000    0.0001
   75.0000  331.0000    0.0045
   18.0000  328.0000    0.0046
   18.0000  365.0000    0.0000
    4.0000  365.0000    0.0046
  165.0000   75.0000    0.0005
  165.0000  132.0000    0.0000
  306.0000  132.0000    0.0005
  306.0000  192.0000    0.0000
   35.0000  192.0000    0.0004
   35.0000  349.0000    0.0001
    6.0000  349.0000    0.0004
    6.0000    2.0000    0.0001
  265.0000    2.0000    0.0004
  265.0000  362.0000    0.0001
    4.0000  218.0000    0.0000
  114.0000  218.0000    0.0045
    2.0000  309.0000    0.0046
    2.0000  347.0000    0.0000
  114.0000  347.0000    0.0001
   85.0000  347.0000    0.0045
   85.0000  341.0000    0.0002
  153.0000  341.0000    0.0044
  336.0000  352.0000    0.0005
  336.0000  332.0000    0.0000
  121.0000  332.0000    0.0005
  121.0000  389.0000    0.0000
  271.0000  389.0000    0.0005
  271.0000   19.0000    0.0000
  390.0000   19.0000    0.0005
  390.0000  362.0000    0.0000
  153.0000  229.0000    0.0002
  285.0000  229.0000    0.0043
  285.0000  393.0000    0.0002
  263.0000  393.0000    0.0043
  228.0000  367.0000    0.0006
  228.0000  362.0000    0.0000
  160.0000  362.0000    0.0003
  160.0000  273.0000    0.0003
  263.0000  163.0000    0.0003
  222.0000  163.0000    0.0042
  277.0000  182.0000    0.0045
  236.0000  193.0000    0.0006
  236.0000  398.0000    0.0000
   55.0000  310.0000    0.0006
  376.0000  310.0000   -0.0000
  376.0000  106.0000    0.0006
  376.0000  398.0000    0.0000
  293.0000  207.0000    0.0045
  148.0000  236.0000    0.0006
  148.0000  398.0000    0.0000
  293.0000   30.0000    0.0000
  277.0000   30.0000    0.0000
   65.0000   30.0000    0.0044
  392.0000  264.0000    0.0044
    3.0000  261.0000    0.0006
    3.0000  398.0000    0.0000
  358.0000  398.0000    0.0004
  358.0000  273.0000    0.0002
  392.0000  103.0000    0.0000
   65.0000  103.0000    0.0001
  207.0000  103.0000    0.0043
   96.0000  273.0000    0.0000
   96.0000   88.0000    0.0006
   96.0000  119.0000    0.0000
  166.0000  119.0000    0.0005
  166.0000  118.0000    0.0001
  320.0000  118.0000    0.0004
  320.0000  320.0000    0.0003
  207.0000  210.0000    0.0001
  363.0000  210.0000    0.0043
  136.0000  291.0000    0.0007
  136.0000  339.0000    0.0000
  269.0000  339.0000    0.0007
  269.0000  320.0000    0.0000
  137.0000  237.0000    0.0044
  137.0000  179.0000    0.0000
  363.0000  179.0000    0.0001
   75.0000  179.0000    0.0002
  222.0000  179.0000    0.0005
  342.0000  179.0000    0.0036
   68.0000  194.0000    0.0007
   68.0000  249.0000    0.0000
  342.0000  135.0000    0.0011
  276.0000  135.0000    0.0033
  276.0000  283.0000    0.0012
  158.0000  283.0000    0.0031
  158.0000  286.0000    0.0014
  225.0000  286.0000    0.0029
   16.0000  130.0000    0.0007
   16.0000  249.0000    0.0000
  140.0000  274.0000    0.0007
  140.0000  249.0000    0.0000
  135.0000  320.0000    0.0002
  135.0000  249.0000    0.0005
  288.0000  302.0000    0.0043
  288.0000  263.0000    0.0000
    9.0000  263.0000    0.0043
  132.0000  201.0000    0.0043
   69.0000  251.0000    0.0007
   69.0000  199.0000    0.0000
  310.0000  199.0000    0.0007
  310.0000  249.0000    0.0000
  115.0000  142.0000    0.0008
  115.0000  249.0000    0.0000
  141.0000  220.0000    0.0043
  141.0000  239.0000    0.0000
  370.0000  239.0000    0.0043
  370.0000   44.0000    0.0000
  132.0000   44.0000    0.0003
  225.0000   44.0000    0.0016
    9.0000   44.0000    0.0004
   20.0000   44.0000    0.0020
  369.0000  184.0000    0.0008
  369.0000   25.0000    0.0000
   11.0000   25.0000    0.0008
   11.0000   64.0000    0.0000
   20.0000  300.0000    0.0029
   66.0000  300.0000    0.0014
  191.0000   97.0000    0.0043
  399.0000   64.0000    0.0008
  399.0000  249.0000    0.0001
  101.0000  249.0000   -0.0000
  101.0000   23.0000    0.0005
  101.0000   40.0000    0.0002
  101.0000  390.0000    0.0001
   54.0000  390.0000    0.0005
  215.0000  176.0000    0.0042
  215.0000   98.0000    0.0000
   71.0000   98.0000    0.0042
  105.0000  275.0000    0.0008
  335.0000  275.0000    0.0000
  296.0000  178.0000    0.0008
  335.0000  178.0000    0.0000
  323.0000  368.0000    0.0042
  323.0000  188.0000    0.0000
   82.0000  188.0000    0.0042
   30.0000  326.0000    0.0009
  218.0000  326.0000    0.0000
  218.0000   61.0000    0.0008
  176.0000   61.0000    0.0001
  176.0000  306.0000    0.0008
  360.0000  306.0000    0.0001
   82.0000  161.0000    0.0000
   71.0000  161.0000    0.0000
   23.0000  161.0000    0.0041
  360.0000  289.0000    0.0008
  335.0000  289.0000    0.0001
  400.0000  321.0000    0.0009
  335.0000  321.0000    0.0000
  116.0000   14.0000    0.0042
  116.0000  319.0000    0.0000
  385.0000  319.0000    0.0042
  385.0000  206.0000    0.0000
  173.0000  206.0000    0.0041
  186.0000  336.0000    0.0009
  149.0000  336.0000    0.0000
  184.0000   73.0000    0.0010
   45.0000   73.0000    0.0000
   45.0000  252.0000    0.0009
  149.0000  252.0000    0.0000
  149.0000  197.0000    0.0009
  365.0000  197.0000    0.0001
  125.0000  167.0000    0.0041
  365.0000   67.0000    0.0009
  133.0000   67.0000    0.0001
  133.0000  129.0000    0.0008
  373.0000  129.0000    0.0001
  373.0000  248.0000    0.0008
  224.0000  248.0000    0.0001
  216.0000  348.0000    0.0010
   77.0000  348.0000    0.0000
  280.0000  160.0000    0.0010
   77.0000  160.0000    0.0000
  125.0000  215.0000    0.0000
   73.0000  215.0000    0.0041
   77.0000  185.0000    0.0010
  338.0000  185.0000    0.0000
   73.0000  394.0000    0.0001
  203.0000  394.0000    0.0040
  203.0000  399.0000    0.0001
    1.0000  399.0000    0.0040
  338.0000  250.0000    0.0010
  224.0000  250.0000    0.0001
  224.0000  270.0000    0.0007
  291.0000  270.0000    0.0003
  211.0000  266.0000    0.0011
  291.0000  266.0000    0.0000
   44.0000  171.0000    0.0040
  291.0000   85.0000    0.0006
  335.0000   85.0000    0.0005
  335.0000  327.0000    0.0002
  321.0000  327.0000    0.0009
   44.0000  189.0000    0.0000
  130.0000  189.0000    0.0040
  321.0000  240.0000    0.0000
   54.0000  240.0000    0.0003
  357.0000  240.0000    0.0008
  357.0000  340.0000    0.0001
  130.0000  287.0000    0.0000
  102.0000  287.0000    0.0040
  102.0000   58.0000    0.0001
  243.0000   58.0000    0.0039
  243.0000  379.0000    0.0001
    1.0000  379.0000    0.0002
  315.0000  379.0000    0.0037
  315.0000   46.0000    0.0003
   15.0000   46.0000    0.0036
   15.0000  385.0000    0.0004
   19.0000  385.0000    0.0035
   19.0000   21.0000    0.0005
  308.0000   21.0000    0.0035
  235.0000  170.0000    0.0011
  235.0000  340.0000    0.0000
  308.0000  364.0000    0.0006
  289.0000  364.0000    0.0033
   60.0000  340.0000    0.0009
   60.0000  117.0000    0.0002
  217.0000  117.0000    0.0009
  217.0000   42.0000    0.0002
  378.0000   42.0000    0.0009
  161.0000  126.0000    0.0039
  378.0000  216.0000    0.0002
  113.0000  216.0000    0.0009
  124.0000   93.0000    0.0039
  124.0000   56.0000    0.0000
  161.0000   56.0000    0.0000
   94.0000   56.0000    0.0039
   94.0000  165.0000    0.0000
  289.0000  165.0000    0.0008
  274.0000  165.0000    0.0031
  274.0000  231.0000    0.0008
  199.0000  231.0000    0.0031
  199.0000  177.0000    0.0011
  324.0000  177.0000    0.0029
  324.0000   72.0000    0.0012
  192.0000   72.0000    0.0027
  192.0000  318.0000    0.0012
  189.0000  318.0000    0.0026
  189.0000  124.0000    0.0013
  173.0000  124.0000    0.0000
  264.0000  124.0000    0.0026
  249.0000   87.0000    0.0012
  171.0000   87.0000    0.0000
  264.0000  360.0000    0.0015
  307.0000  360.0000    0.0024
  147.0000   35.0000    0.0012
  163.0000   35.0000    0.0000
  163.0000  343.0000    0.0012
   74.0000  343.0000    0.0000
   74.0000  147.0000    0.0012
  150.0000  147.0000    0.0000
  150.0000   69.0000    0.0012
  171.0000   69.0000    0.0000
   43.0000  168.0000    0.0038
   43.0000  146.0000    0.0000
  307.0000  146.0000    0.0017
  318.0000  146.0000    0.0021
  171.0000  223.0000    0.0011
  292.0000  223.0000    0.0001
   50.0000  187.0000    0.0038
   50.0000  371.0000    0.0000
   88.0000  371.0000    0.0038
   88.0000  333.0000    0.0000
   87.0000  333.0000    0.0038
  381.0000   41.0000    0.0013
   62.0000   41.0000    0.0000
   62.0000   99.0000    0.0013
   72.0000   99.0000    0.0000
  110.0000  139.0000    0.0038
  110.0000  388.0000    0.0000
   87.0000  388.0000    0.0001
   61.0000  388.0000    0.0037
  183.0000  221.0000    0.0038
  183.0000   68.0000    0.0000
  282.0000   68.0000    0.0037
  282.0000  281.0000    0.0000
   27.0000  281.0000    0.0037
  229.0000  144.0000    0.0013
   72.0000  144.0000    0.0000
   27.0000  151.0000    0.0000
   61.0000  151.0000    0.0001
   26.0000  151.0000    0.0036
   26.0000  334.0000    0.0002
  318.0000  334.0000    0.0021
  393.0000  334.0000    0.0014
  393.0000  395.0000    0.0027
  200.0000  395.0000    0.0010
   72.0000  104.0000    0.0012
   70.0000  104.0000    0.0001
   70.0000   24.0000    0.0012
  384.0000   24.0000    0.0002
  384.0000   71.0000    0.0012
  345.0000   71.0000    0.0002
  344.0000  228.0000    0.0037
  344.0000  377.0000    0.0000
  200.0000  377.0000    0.0030
   36.0000  377.0000    0.0007
  345.0000  159.0000    0.0012
  232.0000  159.0000    0.0002
  232.0000  265.0000    0.0011
   78.0000  265.0000    0.0003
   23.0000  280.0000    0.0002
   36.0000  280.0000    0.0035
   66.0000  280.0000    0.0001
  246.0000   62.0000    0.0037
  246.0000  114.0000    0.0000
  178.0000  114.0000    0.0036
  309.0000   15.0000    0.0037
  178.0000   15.0000   -0.0000
   51.0000   26.0000    0.0014
   33.0000   26.0000    0.0000
   78.0000  255.0000    0.0010
   33.0000  255.0000    0.0004
   86.0000   74.0000    0.0014
   33.0000   74.0000    0.0000
   33.0000  315.0000    0.0009
  129.0000  315.0000    0.0005
  129.0000  380.0000    0.0008
  266.0000  380.0000    0.0007
  382.0000   37.0000    0.0015
  266.0000   37.0000    0.0000
  270.0000   86.0000    0.0036
  270.0000  378.0000    0.0000
  298.0000  378.0000    0.0036
  298.0000  313.0000    0.0000
  234.0000  313.0000    0.0035
  266.0000  370.0000    0.0006
  331.0000  370.0000    0.0009
   49.0000  154.0000    0.0036
  331.0000  295.0000    0.0006
  107.0000  295.0000    0.0009
  107.0000  355.0000    0.0004
  242.0000  355.0000    0.0011
  242.0000  357.0000    0.0003
  292.0000  357.0000    0.0011
  134.0000  357.0000    0.0002
   49.0000    6.0000    0.0000
   31.0000    6.0000    0.0036
  351.0000  338.0000    0.0015
  212.0000  338.0000    0.0000
  212.0000  294.0000    0.0015
    7.0000  294.0000    0.0000
   31.0000  204.0000    0.0000
  352.0000  204.0000    0.0035
  352.0000  131.0000    0.0000
  178.0000  131.0000    0.0001
  234.0000  131.0000    0.0000
  387.0000  131.0000    0.0034
  275.0000    5.0000    0.0035
  275.0000  257.0000    0.0001
  387.0000  257.0000    0.0003
   66.0000  257.0000    0.0032
   64.0000   39.0000    0.0035
   66.0000   39.0000   -0.0000
  355.0000  381.0000    0.0035
  196.0000  350.0000    0.0015
    7.0000  350.0000    0.0000
   37.0000  149.0000    0.0035
   37.0000  153.0000    0.0000
  109.0000  153.0000    0.0035
  109.0000   77.0000    0.0000
  355.0000   77.0000    0.0000
  279.0000   77.0000    0.0034
  398.0000  105.0000    0.0016
  238.0000  105.0000    0.0000
  238.0000  190.0000    0.0016
  103.0000  190.0000    0.0000
  134.0000   10.0000    0.0012
  103.0000   10.0000    0.0005
  185.0000   82.0000    0.0035
  185.0000  195.0000    0.0000
  279.0000  195.0000    0.0001
   66.0000  195.0000    0.0002
  191.0000  195.0000    0.0004
  262.0000  195.0000    0.0027
  103.0000   57.0000    0.0011
  237.0000   57.0000    0.0006
  302.0000   36.0000    0.0034
  268.0000  329.0000    0.0034
  268.0000   47.0000    0.0000
   52.0000   47.0000    0.0034
    7.0000   18.0000    0.0014
   38.0000   18.0000    0.0003
  257.0000   38.0000    0.0034
  214.0000  173.0000    0.0012
  394.0000  173.0000    0.0005
  257.0000  138.0000    0.0000
   25.0000  138.0000    0.0034
   25.0000  174.0000    0.0000
   52.0000  174.0000    0.0000
  302.0000  174.0000    0.0000
  126.0000  174.0000    0.0034
  237.0000  308.0000    0.0009
   38.0000  308.0000    0.0008
  394.0000  157.0000    0.0008
   38.0000  157.0000    0.0006
  221.0000  157.0000    0.0003
  126.0000  374.0000    0.0010
  262.0000  374.0000    0.0018
  391.0000  374.0000    0.0006
  391.0000   43.0000    0.0034
  182.0000  354.0000    0.0015
  221.0000  354.0000    0.0002
  391.0000  224.0000    0.0006
  278.0000  296.0000    0.0017
  221.0000  296.0000    0.0000
  364.0000  224.0000    0.0028
  100.0000  325.0000    0.0017
  267.0000  325.0000    0.0000
  364.0000  307.0000    0.0006
  356.0000  307.0000    0.0028
  356.0000   95.0000    0.0006
  353.0000   95.0000    0.0028
  353.0000   92.0000    0.0006
  267.0000  386.0000    0.0017
  157.0000  386.0000    0.0000
  340.0000  369.0000    0.0017
  157.0000  369.0000    0.0000
  157.0000   65.0000    0.0017
   58.0000   65.0000    0.0001
  311.0000  227.0000    0.0033
   58.0000   45.0000    0.0017
  388.0000   45.0000    0.0001
  329.0000  227.0000    0.0000
  329.0000   12.0000    0.0033
   21.0000   12.0000    0.0000
   21.0000   92.0000    0.0028
  388.0000  141.0000    0.0017
  221.0000  141.0000    0.0001
  221.0000  303.0000    0.0010
  113.0000  303.0000    0.0002
  219.0000  303.0000    0.0005
   76.0000   94.0000    0.0018
  205.0000   94.0000    0.0000
   21.0000  298.0000    0.0005
   29.0000  298.0000    0.0028
   29.0000   81.0000    0.0005
   53.0000   81.0000    0.0028
   53.0000  112.0000    0.0005
  108.0000  112.0000    0.0028
  108.0000  108.0000    0.0006
  272.0000  108.0000    0.0027
  177.0000   80.0000    0.0033
  201.0000  268.0000    0.0033
  205.0000  150.0000    0.0018
   81.0000  150.0000    0.0001
   81.0000  322.0000    0.0017
  172.0000  322.0000    0.0001
  201.0000  110.0000    0.0000
  371.0000  110.0000    0.0032
  371.0000    7.0000    0.0000
  179.0000    7.0000    0.0032
  179.0000   33.0000    0.0000
  177.0000   33.0000    0.0000
  272.0000   33.0000    0.0006
  314.0000   33.0000    0.0026
  172.0000  245.0000    0.0017
  143.0000  245.0000    0.0002
  314.0000   83.0000    0.0007
   48.0000   83.0000    0.0026
   48.0000  254.0000    0.0007
  259.0000  123.0000    0.0019
  143.0000  123.0000    0.0000
    5.0000  361.0000    0.0032
  330.0000  125.0000    0.0032
  188.0000  125.0000    0.0000
  188.0000  361.0000    0.0000
  188.0000  226.0000    0.0031
  366.0000  169.0000    0.0019
  202.0000  169.0000    0.0001
  256.0000  276.0000    0.0032
  209.0000  276.0000    0.0000
  209.0000  226.0000    0.0000
  209.0000  242.0000    0.0031
  142.0000  242.0000    0.0001
  142.0000  254.0000    0.0025
  142.0000  244.0000    0.0005
  287.0000  244.0000    0.0026
  383.0000  100.0000    0.0031
  287.0000  100.0000   -0.0000
   79.0000  211.0000    0.0031
  287.0000  211.0000   -0.0000
  202.0000   50.0000    0.0019
  159.0000   50.0000    0.0001
  287.0000   20.0000    0.0005
  162.0000  164.0000    0.0020
  159.0000  164.0000    0.0000
  286.0000   20.0000    0.0026
  286.0000   66.0000    0.0005
  159.0000  137.0000    0.0017
  258.0000  137.0000    0.0003
  258.0000  152.0000    0.0017
   42.0000  152.0000    0.0003
   42.0000  383.0000    0.0017
  187.0000  383.0000    0.0004
  187.0000  166.0000    0.0015
  337.0000  166.0000    0.0005
  337.0000  290.0000    0.0014
  372.0000  290.0000    0.0007
  233.0000  375.0000    0.0030
  106.0000  375.0000    0.0000
  106.0000   49.0000    0.0030
  164.0000  121.0000    0.0020
  372.0000  121.0000    0.0000
  230.0000  186.0000    0.0021
  372.0000  186.0000    0.0000
  231.0000  337.0000    0.0030
  372.0000   13.0000    0.0012
  379.0000   13.0000    0.0008
  395.0000  337.0000    0.0000
  395.0000   49.0000    0.0000
  395.0000   66.0000    0.0026
  395.0000   89.0000    0.0003
  377.0000    3.0000    0.0030
  328.0000  316.0000    0.0021
  379.0000  316.0000    0.0000
  210.0000  222.0000    0.0030
  151.0000   96.0000    0.0021
  379.0000   96.0000    0.0000
  379.0000  269.0000    0.0011
  322.0000  269.0000    0.0010
   59.0000  222.0000    0.0000
   59.0000  205.0000    0.0029
   83.0000  205.0000    0.0000
   83.0000  101.0000    0.0029
  389.0000  101.0000    0.0000
  389.0000  143.0000    0.0029
  380.0000  143.0000    0.0000
  380.0000  232.0000    0.0029
  138.0000  232.0000    0.0001
  138.0000   89.0000    0.0028
  138.0000  234.0000    0.0001
   17.0000    1.0000    0.0021
  397.0000    1.0000    0.0000
  397.0000   22.0000    0.0021
  239.0000   22.0000    0.0000
  248.0000   76.0000    0.0029
  239.0000  158.0000    0.0021
  346.0000  158.0000    0.0000
  346.0000   54.0000    0.0021
   89.0000   54.0000    0.0001
  290.0000  219.0000    0.0029
   89.0000   79.0000    0.0019
  322.0000   79.0000    0.0003
  169.0000  219.0000    0.0000
  169.0000   76.0000    0.0000
  169.0000  234.0000    0.0028
  169.0000    3.0000    0.0001
  169.0000  183.0000    0.0000
  374.0000  162.0000    0.0022
  223.0000  162.0000    0.0000
   97.0000  183.0000    0.0029
   90.0000  267.0000    0.0029
  317.0000  175.0000    0.0022
   41.0000  175.0000    0.0000
   41.0000   27.0000    0.0022
  220.0000   27.0000    0.0001
  362.0000  301.0000    0.0028
  220.0000  345.0000    0.0021
  223.0000  345.0000    0.0001
  223.0000  155.0000    0.0020
  194.0000  155.0000    0.0002
  194.0000  148.0000    0.0020
  332.0000  148.0000    0.0002
   47.0000  260.0000    0.0023
  322.0000  260.0000    0.0000
  145.0000  304.0000    0.0020
  227.0000  304.0000    0.0002
  111.0000  122.0000    0.0023
  322.0000  122.0000    0.0000
  180.0000   90.0000    0.0023
  322.0000   90.0000    0.0000
  208.0000  382.0000    0.0028
  139.0000  382.0000    0.0000
  139.0000  301.0000    0.0000
  139.0000  267.0000    0.0000
  139.0000  391.0000    0.0027
   84.0000  391.0000    0.0001
   84.0000  202.0000    0.0027
  347.0000   78.0000    0.0028
   67.0000  111.0000    0.0028
  181.0000  111.0000    0.0000
  181.0000   78.0000    0.0000
  181.0000  202.0000    0.0001
  181.0000  387.0000    0.0026
    8.0000  113.0000    0.0028
  252.0000  113.0000    0.0000
  252.0000  335.0000    0.0028
  316.0000  351.0000    0.0023
  322.0000  351.0000    0.0000
  250.0000   29.0000    0.0023
  322.0000   29.0000    0.0000
  367.0000   91.0000    0.0023
  227.0000   91.0000    0.0000
  227.0000   55.0000    0.0020
  322.0000   55.0000    0.0004
  322.0000   53.0000    0.0002
  332.0000   53.0000    0.0019
  131.0000   53.0000    0.0002
  354.0000  102.0000    0.0027
  117.0000  102.0000    0.0000
  117.0000  259.0000    0.0027
  131.0000  317.0000    0.0020
  326.0000  317.0000    0.0004
   98.0000  297.0000    0.0024
  326.0000  297.0000    0.0000
  213.0000  330.0000    0.0024
  300.0000  330.0000    0.0000
  204.0000  134.0000    0.0027
  300.0000    4.0000    0.0024
   80.0000    4.0000    0.0000
   93.0000  134.0000    0.0000
   93.0000  366.0000    0.0027
   80.0000   59.0000    0.0024
   28.0000   59.0000    0.0000
  104.0000   28.0000    0.0027
  143.0000   63.0000    0.0016
  326.0000   63.0000    0.0008
  327.0000   28.0000    0.0000
  327.0000  366.0000    0.0000
  327.0000   17.0000    0.0026
  375.0000  109.0000    0.0024
  326.0000  109.0000    0.0000
  326.0000  214.0000    0.0009
   28.0000  214.0000    0.0016
  305.0000  140.0000    0.0026
  253.0000  140.0000    0.0000
  253.0000   17.0000    0.0001
  253.0000  259.0000    0.0000
  253.0000   11.0000    0.0025
  312.0000   11.0000    0.0002
  312.0000  213.0000    0.0024
  193.0000  238.0000    0.0025
   14.0000  238.0000    0.0000
   14.0000  136.0000    0.0025
  195.0000  136.0000    0.0000
  195.0000  392.0000    0.0022
  284.0000  392.0000    0.0002
  144.0000  288.0000    0.0026
  255.0000  247.0000    0.0025
  339.0000  247.0000    0.0000
  339.0000  262.0000    0.0025
  295.0000  262.0000    0.0000
  198.0000  288.0000    0.0000
  198.0000  213.0000    0.0002
  198.0000  312.0000    0.0023
  197.0000  312.0000    0.0004
  197.0000  376.0000    0.0022
  240.0000  359.0000    0.0026
  273.0000  198.0000    0.0025
  295.0000  198.0000    0.0000
  295.0000  196.0000    0.0024
  155.0000  196.0000    0.0001
   63.0000  359.0000    0.0000
   63.0000  376.0000    0.0005
   63.0000  181.0000    0.0020
  299.0000  217.0000    0.0025
   56.0000  217.0000    0.0000
   56.0000  258.0000    0.0025
  283.0000  258.0000    0.0000
  283.0000  181.0000    0.0006
  283.0000   31.0000    0.0019
  155.0000   31.0000    0.0007
  155.0000  191.0000    0.0017
  247.0000  115.0000    0.0025
   46.0000  115.0000    0.0002
   46.0000  191.0000    0.0010
   28.0000  133.0000    0.0004
   46.0000  256.0000    0.0013
  120.0000  256.0000    0.0015
  128.0000  133.0000    0.0020
  349.0000  133.0000    0.0003
  349.0000  324.0000    0.0018
  120.0000  324.0000    0.0008
  156.0000  241.0000    0.0025
  284.0000  241.0000    0.0003
  284.0000  324.0000    0.0001
  284.0000  335.0000    0.0001
  219.0000  183.0000    0.0001
  219.0000  277.0000    0.0005
  254.0000  277.0000    0.0012
  284.0000  277.0000    0.0012
  284.0000  387.0000    0.0005

